12009
4567
895
12175
6548
8096
990
5872
7423
12518
4585
8526
5884
12056
544
12026
11249
9408
10475
12828
12916
1059
6369
11678
11407
473
8030
3144
11504
8059
6781
5172
7500
845
10762
1976
7054
4301
975
6821
12116
3764
10128
11148
12987
2401
2795
1921
3753
5340
836
4604
1745
2508
7679
2540
10155
7405
10860
3055
11346
10503
6797
9283
11977
724
2262
720
2567
9076
473
8815
12055
1734
7221
7910
9050
6437
10896
1478
1894
1224
4818
577
7343
11967
8069
3404
1954
8759
4685
11377
12494
8510
1007
8887
6882
11733
10333
2946
2018
2217
1852
12202
8652
4162
2183
9593
2254
10867
3603
3095
403
2901
12476
6095
7787
2822
9721
8605
3446
4957
12316
7431
4276
5045
5508
1277
9928
7424
10481
9436
10509
10758
7902
9302
3286
1594
8397
6561
8426
12567
12325
9823
1582
1133
428
7785
2032
2725
1504
11432
9130
10322
3378
5914
10403
3251
7254
7256
7991
10029
11562
6423
11419
7938
1187
4313
4791
12927
3440
883
9085
7564
8165
5709
6094
2884
12752
9125
8270
3856
9989
9504
12228
12556
4752
1955
3261
2840
10319
1399
7788
7298
12500
1469
3618
1814
12285
741
11424
3898
10190
6683
12070
1188
1965
5179
12184
11084
12970
3618
6552
1489
10065
3116
11015
12689
1435
9206
11710
9872
580
1287
9542
1866
12515
3632
1990
12316
1034
6183
3889
1953
10558
899
2300
3419
4219
1695
12216
5882
445
12130
1192
583
5647
9160
11300
7464
7057
3689
485
6375
3600
4588
8741
1247
12686
12244
688
5561
5005
11959
8386
7230
8781
3266
8230
3290
9297
9235
5049
8119
8499
4421
8539
12143
9203
8471
6762
3671
6388
4201
5861
1573
3244
12946
11557
1121
11121
3387
5097
8668
10976
9694
7615
2085
5168
4998
7053
8012
4633
7903
5356
9786
9071
5211
5892
8572
11470
5164
11017
806
3585
4211
10908
7750
9720
10851
9278
4392
2779
10006
12887
1905
11511
9410
1918
1480
4368
1399
6469
11572
1818
3469
11235
12635
1420
12837
9067
6056
10529
8183
8812
8103
7024
3319
6728
5316
5996
12797
5095
6821
2233
11759
2637
1537
9204
7141
12198
12320
8124
1376
10939